****************************************************************************************************
     Average of energy (eV atom^-1)
----------------------------------------------------------------------------------------------------
          -5.49317690
****************************************************************************************************
     Average of force (X Y Z) (eV ang^-1 atom^-1)
----------------------------------------------------------------------------------------------------
          -0.00000022      0.00000001      0.00000013
****************************************************************************************************
     Average of stress (XX YY ZZ XY XZ YZ) (GPa atom^-1)
----------------------------------------------------------------------------------------------------
          -0.00822233     -0.00930448     -0.00796271      0.00714215      0.00093023     -0.00148683
****************************************************************************************************
     Variance of energy (eV atom^-1)
----------------------------------------------------------------------------------------------------
           0.02380248
****************************************************************************************************
     Variance of force (X Y Z) (eV ang^-1 atom^-1)
----------------------------------------------------------------------------------------------------
           0.04471543      0.04010095      0.04194529
****************************************************************************************************
     Variance of stress (XX YY ZZ XY XZ YZ) (GPa atom^-1)
----------------------------------------------------------------------------------------------------
           0.11520212      0.12646387      0.11942600      0.09214130      0.07527968      0.09366614
****************************************************************************************************
     Normalized histogram
     X, HIS_E, HIS_F, HIS_S
----------------------------------------------------------------------------------------------------
     -3.00000000      0.00000000      0.00264085      0.00176056      0.00616197      0.00000000      0.00000000      0.01408451      0.00000000      0.01408451      0.00000000
     -2.70000000      0.00000000      0.00704225      0.00528169      0.00440141      0.00000000      0.00000000      0.00000000      0.01408451      0.00000000      0.00000000
     -2.40000000      0.04225352      0.01320423      0.00704225      0.01320423      0.00000000      0.01408451      0.00000000      0.02816901      0.00000000      0.00000000
     -2.10000000      0.02816901      0.01760563      0.01408451      0.01232394      0.04225352      0.02816901      0.01408451      0.00000000      0.00000000      0.08450704
     -1.80000000      0.02816901      0.03080986      0.02640845      0.03345070      0.02816901      0.05633803      0.00000000      0.04225352      0.04225352      0.01408451
     -1.50000000      0.04225352      0.04577465      0.05985915      0.05281690      0.05633803      0.04225352      0.09859155      0.04225352      0.07042254      0.04225352
     -1.20000000      0.09859155      0.05985915      0.07130282      0.06073944      0.11267606      0.07042254      0.02816901      0.04225352      0.02816901      0.04225352
     -0.90000000      0.04225352      0.08098592      0.07306338      0.08186620      0.02816901      0.07042254      0.15492958      0.09859155      0.04225352      0.08450704
     -0.60000000      0.01408451      0.09947183      0.10827465      0.10299296      0.12676056      0.04225352      0.07042254      0.09859155      0.12676056      0.08450704
     -0.30000000      0.08450704      0.13204225      0.14876761      0.11443662      0.09859155      0.11267606      0.11267606      0.08450704      0.26760563      0.08450704
     -0.00000000      0.12676056      0.13116197      0.11355634      0.13732394      0.07042254      0.12676056      0.12676056      0.09859155      0.09859155      0.14084507
      0.30000000      0.15492958      0.13116197      0.10915493      0.11707746      0.12676056      0.15492958      0.14084507      0.18309859      0.08450704      0.12676056
      0.60000000      0.14084507      0.08186620      0.09507042      0.09242958      0.11267606      0.12676056      0.05633803      0.16901408      0.08450704      0.18309859
      0.90000000      0.16901408      0.05897887      0.06250000      0.07042254      0.04225352      0.05633803      0.07042254      0.02816901      0.01408451      0.02816901
      1.20000000      0.01408451      0.04313380      0.02816901      0.04137324      0.09859155      0.04225352      0.05633803      0.00000000      0.04225352      0.02816901
      1.50000000      0.01408451      0.02200704      0.03257042      0.01848592      0.04225352      0.02816901      0.01408451      0.04225352      0.02816901      0.02816901
      1.80000000      0.00000000      0.01496479      0.01760563      0.01848592      0.01408451      0.01408451      0.01408451      0.00000000      0.01408451      0.01408451
      2.10000000      0.00000000      0.01584507      0.00880282      0.00880282      0.00000000      0.01408451      0.01408451      0.00000000      0.02816901      0.00000000
      2.40000000      0.00000000      0.00704225      0.00792254      0.00792254      0.00000000      0.00000000      0.00000000      0.02816901      0.01408451      0.01408451
      2.70000000      0.00000000      0.00264085      0.00440141      0.00176056      0.00000000      0.00000000      0.00000000      0.00000000      0.00000000      0.00000000
