   1  16   1   0  0.2044415E+02  0.4000000E+03
  CAR 
 Si16                                    
   0   0   0
   1   1
 256 256 256
 256
  0.1000000E-09
  0.3906250E-11
   1
  0.2000000E-14  0.7733949E-09  0.7733949E-09  0.7733949E-09
  0.3919369E+03  0.3919369E+03
  0.000
  0.000
  0.000
  0.000
  0.000
  0.000
  0.000
  0.000
  0.000
  0.000
  0.000
  0.000
  0.000
  0.000
  0.000
  0.000
  0.000
  0.000
  0.000
  0.000
  0.000
  0.000
  0.000
  0.000
  0.000
  0.000
  0.000
  0.000
  0.000
  0.000
  0.000
  0.000
  0.000
  0.000
  0.000
  0.000
  0.000
  0.000
  0.000
  0.000
  0.000
  0.000
  0.000
  0.000
  0.000
  0.000
  0.000
  0.000
  0.000
  0.000
  0.000
  0.000
  0.000
  0.000
  0.000
  0.020
  0.258
  1.383
  4.191
  7.082
  7.640
  5.199
  2.460
  0.827
  0.214
  0.041
  0.007
  0.001
  0.000
  0.000
  0.000
  0.000
  0.000
  0.000
  0.000
  0.000
  0.000
  0.000
  0.000
  0.000
  0.000
  0.000
  0.000
  0.000
  0.001
  0.001
  0.004
  0.013
  0.037
  0.091
  0.217
  0.441
  0.808
  1.366
  2.112
  2.918
  3.656
  4.201
  4.223
  3.886
  3.224
  2.402
  1.611
  1.017
  0.635
  0.441
  0.409
  0.522
  0.703
  0.961
  1.288
  1.627
  1.921
  2.127
  2.255
  2.315
  2.182
  1.950
  1.648
  1.310
  0.991
  0.691
  0.470
  0.287
  0.171
  0.096
  0.062
  0.053
  0.067
  0.098
  0.136
  0.194
  0.268
  0.358
  0.460
  0.559
  0.646
  0.728
  0.751
  0.736
  0.704
  0.619
  0.546
  0.488
  0.462
  0.548
  0.723
  0.981
  1.284
  1.572
  1.776
  1.803
  1.679
  1.380
  1.035
  0.707
  0.438
  0.266
  0.177
  0.157
  0.200
  0.294
  0.463
  0.669
  0.939
  1.219
  1.508
  1.762
  1.963
  2.105
  2.148
  2.123
  2.015
  1.867
  1.699
  1.550
  1.456
  1.382
  1.336
  1.279
  1.236
  1.151
  1.044
  0.907
  0.762
  0.605
  0.465
  0.334
  0.226
  0.147
  0.095
  0.056
  0.039
  0.036
  0.049
  0.083
  0.146
  0.241
  0.370
  0.542
  0.741
  0.954
  1.165
  1.347
  1.468
  1.504
  1.456
  1.331
  1.160
  0.992
  0.836
  0.724
  0.669
  0.678
  0.749
  0.854
  0.971
  1.101
  1.200
  1.268
  1.301
  1.289
  1.229
  1.166
  1.078
  0.981
  0.896
  0.805
  0.715
  0.625
  0.544
  0.463
  0.401
  0.357
  0.324
  0.309
  0.310
  0.331
  0.363
  0.406
  0.468
  0.551
  0.661
  0.792
  0.941
  1.085
  1.196
  1.244
  1.237
  1.176
  1.081
  1.011
  0.977
  1.031
  1.134
  1.320
